
- The raw wavebands used for 2017 and 2019 Fully Connected Neural Net (FCNN) model are contained in the OPUS spectral file,'SABLEFISH_AAA_Correct_Scan_Freq' and are:

   [1] 12490 12482 12474 12467 12459 12451 12444 12436 12428 12420 12413 12405 12397 12390 12382 12374 12366 12359 12351 12343 12336 12328 12320 12312 12305 12297 12289 12282 12274 12266 12258 12251 12243 12235 12228 12220 12212 12204 12197 12189 12181
  [42] 12174 12166 12158 12150 12143 12135 12127 12120 12112 12104 12096 12089 12081 12073 12066 12058 12050 12042 12035 12027 12019 12012 12004 11996 11988 11981 11973 11965 11958 11950 11942 11934 11927 11919 11911 11904 11896 11888 11880 11873 11865
  [83] 11857 11850 11842 11834 11826 11819 11811 11803 11796 11788 11780 11772 11765 11757 11749 11742 11734 11726 11718 11711 11703 11695 11688 11680 11672 11664 11657 11649 11641 11634 11626 11618 11610 11603 11595 11587 11580 11572 11564 11556 11549
 [124] 11541 11533 11525 11518 11510 11502 11495 11487 11479 11471 11464 11456 11448 11441 11433 11425 11417 11410 11402 11394 11387 11379 11371 11363 11356 11348 11340 11333 11325 11317 11309 11302 11294 11286 11279 11271 11263 11255 11248 11240 11232
 [165] 11225 11217 11209 11201 11194 11186 11178 11171 11163 11155 11147 11140 11132 11124 11117 11109 11101 11093 11086 11078 11070 11063 11055 11047 11039 11032 11024 11016 11009 11001 10993 10985 10978 10970 10962 10955 10947 10939 10931 10924 10916
 [206] 10908 10901 10893 10885 10877 10870 10862 10854 10847 10839 10831 10823 10816 10808 10800 10793 10785 10777 10769 10762 10754 10746 10739 10731 10723 10715 10708 10700 10692 10685 10677 10669 10661 10654 10646 10638 10631 10623 10615 10607 10600
 [247] 10592 10584 10577 10569 10561 10553 10546 10538 10530 10523 10515 10507 10499 10492 10484 10476 10469 10461 10453 10445 10438 10430 10422 10415 10407 10399 10391 10384 10376 10368 10361 10353 10345 10337 10330 10322 10314 10307 10299 10291 10283
 [288] 10276 10268 10260 10253 10245 10237 10229 10222 10214 10206 10199 10191 10183 10175 10168 10160 10152 10145 10137 10129 10121 10114 10106 10098 10091 10083 10075 10067 10060 10052 10044 10037 10029 10021 10013 10006  9998  9990  9983  9975  9967
 [329]  9959  9952  9944  9936  9929  9921  9913  9905  9898  9890  9882  9875  9867  9859  9851  9844  9836  9828  9821  9813  9805  9797  9790  9782  9774  9767  9759  9751  9743  9736  9728  9720  9713  9705  9697  9689  9682  9674  9666  9659  9651
 [370]  9643  9635  9628  9620  9612  9605  9597  9589  9581  9574  9566  9558  9551  9543  9535  9527  9520  9512  9504  9497  9489  9481  9473  9466  9458  9450  9443  9435  9427  9419  9412  9404  9396  9389  9381  9373  9365  9358  9350  9342  9335
 [411]  9327  9319  9311  9304  9296  9288  9281  9273  9265  9257  9250  9242  9234  9227  9219  9211  9203  9196  9188  9180  9173  9165  9157  9149  9142  9134  9126  9119  9111  9103  9095  9088  9080  9072  9065  9057  9049  9041  9034  9026  9018
 [452]  9011  9003  8995  8987  8980  8972  8964  8957  8949  8941  8933  8926  8918  8910  8903  8895  8887  8879  8872  8864  8856  8849  8841  8833  8825  8818  8810  8802  8795  8787  8779  8771  8764  8756  8748  8741  8733  8725  8717  8710  8702
 [493]  8694  8687  8679  8671  8663  8656  8648  8640  8633  8625  8617  8609  8602  8594  8586  8579  8571  8563  8555  8548  8540  8532  8525  8517  8509  8501  8494  8486  8478  8471  8463  8455  8447  8440  8432  8424  8417  8409  8401  8393  8386
 [534]  8378  8370  8363  8355  8347  8339  8332  8324  8316  8309  8301  8293  8285  8278  8270  8262  8255  8247  8239  8231  8224  8216  8208  8201  8193  8185  8177  8170  8162  8154  8147  8139  8131  8123  8116  8108  8100  8093  8085  8077  8069
 [575]  8062  8054  8046  8039  8031  8023  8015  8008  8000  7992  7985  7977  7969  7961  7954  7946  7938  7931  7923  7915  7907  7900  7892  7884  7877  7869  7861  7853  7846  7838  7830  7823  7815  7807  7799  7792  7784  7776  7769  7761  7753
 [616]  7745  7738  7730  7722  7715  7707  7699  7691  7684  7676  7668  7661  7653  7645  7637  7630  7622  7614  7607  7599  7591  7583  7576  7568  7560  7553  7545  7537  7529  7522  7514  7506  7499  7491  7483  7475  7468  7460  7452  7445  7437
 [657]  7429  7421  7414  7406  7398  7391  7383  7375  7367  7360  7352  7344  7337  7329  7321  7313  7306  7298  7290  7283  7275  7267  7259  7252  7244  7236  7229  7221  7213  7205  7198  7190  7182  7175  7167  7159  7151  7144  7136  7128  7121
 [698]  7113  7105  7097  7090  7082  7074  7067  7059  7051  7043  7036  7028  7020  7013  7005  6997  6989  6982  6974  6966  6959  6951  6943  6935  6928  6920  6912  6904  6897  6889  6881  6874  6866  6858  6850  6843  6835  6827  6820  6812  6804
 [739]  6796  6789  6781  6773  6766  6758  6750  6742  6735  6727  6719  6712  6704  6696  6688  6681  6673  6665  6658  6650  6642  6634  6627  6619  6611  6604  6596  6588  6580  6573  6565  6557  6550  6542  6534  6526  6519  6511  6503  6496  6488
 [780]  6480  6472  6465  6457  6449  6442  6434  6426  6418  6411  6403  6395  6388  6380  6372  6364  6357  6349  6341  6334  6326  6318  6310  6303  6295  6287  6280  6272  6264  6256  6249  6241  6233  6226  6218  6210  6202  6195  6187  6179  6172
 [821]  6164  6156  6148  6141  6133  6125  6118  6110  6102  6094  6087  6079  6071  6064  6056  6048  6040  6033  6025  6017  6010  6002  5994  5986  5979  5971  5963  5956  5948  5940  5932  5925  5917  5909  5902  5894  5886  5878  5871  5863  5855
 [862]  5848  5840  5832  5824  5817  5809  5801  5794  5786  5778  5770  5763  5755  5747  5740  5732  5724  5716  5709  5701  5693  5686  5678  5670  5662  5655  5647  5639  5632  5624  5616  5608  5601  5593  5585  5578  5570  5562  5554  5547  5539
 [903]  5531  5524  5516  5508  5500  5493  5485  5477  5470  5462  5454  5446  5439  5431  5423  5416  5408  5400  5392  5385  5377  5369  5362  5354  5346  5338  5331  5323  5315  5308  5300  5292  5284  5277  5269  5261  5254  5246  5238  5230  5223
 [944]  5215  5207  5200  5192  5184  5176  5169  5161  5153  5146  5138  5130  5122  5115  5107  5099  5092  5084  5076  5068  5061  5053  5045  5038  5030  5022  5014  5007  4999  4991  4984  4976  4968  4960  4953  4945  4937  4930  4922  4914  4906
 [985]  4899  4891  4883  4876  4868  4860  4852  4845  4837  4829  4822  4814  4806  4798  4791  4783  4775  4768  4760  4752  4744  4737  4729  4721  4714  4706  4698  4690  4683  4675  4667  4660  4652  4644  4636  4629  4621  4613  4606  4598  4590
[1026]  4582  4575  4567  4559  4552  4544  4536  4528  4521  4513  4505  4498  4490  4482  4474  4467  4459  4451  4444  4436  4428  4420  4413  4405  4397  4390  4382  4374  4366  4359  4351  4343  4336  4328  4320  4312  4305  4297  4289  4282  4274
[1067]  4266  4258  4251  4243  4235  4228  4220  4212  4204  4197  4189  4181  4174  4166  4158  4150  4143  4135  4127  4120  4112  4104  4096  4089  4081  4073  4066  4058  4050  4042  4035  4027  4019  4012  4004  3996  3988  3981  3973  3965  3958
[1108]  3950  3942  3934  3927  3919  3911  3904  3896  3888  3880  3873  3865  3857  3850  3842  3834  3826  3819  3811  3803  3796  3788  3780  3772  3765  3757  3749  3742  3734  3726  3718  3711  3703  3695  3688  3680  3672  3664  3657  3649  3641
[1149]  3634  3626  3618  3610  3603  3595



Which is a mixture of differences of -8 and -7:

   [1] -8 -8 -7 -8 -8 -7 -8 -8 -8 -7 -8 -8 -7 -8 -8 -8 -7 -8 -8 -7 -8 -8 -8 -7 -8 -8 -7 -8 -8 -8 -7 -8 -8 -7 -8 -8 -8 -7 -8 -8 -7 -8 -8 -8 -7 -8 -8 -7 -8 -8 -8 -7 -8 -8 -7 -8 -8 -8 -7 -8 -8 -7 -8 -8 -8 -7 -8 -8 -7 -8 -8 -8 -7 -8 -8 -7 -8 -8 -8 -7 -8 -8
  [83] -7 -8 -8 -8 -7 -8 -8 -7 -8 -8 -8 -7 -8 -8 -7 -8 -8 -8 -7 -8 -8 -7 -8 -8 -8 -7 -8 -8 -7 -8 -8 -8 -7 -8 -8 -7 -8 -8 -8 -7 -8 -8 -8 -7 -8 -8 -7 -8 -8 -8 -7 -8 -8 -7 -8 -8 -8 -7 -8 -8 -7 -8 -8 -8 -7 -8 -8 -7 -8 -8 -8 -7 -8 -8 -7 -8 -8 -8 -7 -8 -8 -7
 [165] -8 -8 -8 -7 -8 -8 -7 -8 -8 -8 -7 -8 -8 -7 -8 -8 -8 -7 -8 -8 -7 -8 -8 -8 -7 -8 -8 -7 -8 -8 -8 -7 -8 -8 -7 -8 -8 -8 -7 -8 -8 -7 -8 -8 -8 -7 -8 -8 -7 -8 -8 -8 -7 -8 -8 -7 -8 -8 -8 -7 -8 -8 -7 -8 -8 -8 -7 -8 -8 -7 -8 -8 -8 -7 -8 -8 -7 -8 -8 -8 -7 -8
 [247] -8 -7 -8 -8 -8 -7 -8 -8 -7 -8 -8 -8 -7 -8 -8 -7 -8 -8 -8 -7 -8 -8 -7 -8 -8 -8 -7 -8 -8 -7 -8 -8 -8 -7 -8 -8 -7 -8 -8 -8 -7 -8 -8 -7 -8 -8 -8 -7 -8 -8 -7 -8 -8 -8 -7 -8 -8 -7 -8 -8 -8 -7 -8 -8 -7 -8 -8 -8 -7 -8 -8 -7 -8 -8 -8 -7 -8 -8 -7 -8 -8 -8
 [329] -7 -8 -8 -7 -8 -8 -8 -7 -8 -8 -7 -8 -8 -8 -7 -8 -8 -7 -8 -8 -8 -7 -8 -8 -7 -8 -8 -8 -7 -8 -8 -7 -8 -8 -8 -7 -8 -8 -7 -8 -8 -8 -7 -8 -8 -7 -8 -8 -8 -7 -8 -8 -7 -8 -8 -8 -7 -8 -8 -7 -8 -8 -8 -7 -8 -8 -7 -8 -8 -8 -7 -8 -8 -7 -8 -8 -8 -7 -8 -8 -7 -8
 [411] -8 -8 -7 -8 -8 -7 -8 -8 -8 -7 -8 -8 -7 -8 -8 -8 -7 -8 -8 -7 -8 -8 -8 -7 -8 -8 -7 -8 -8 -8 -7 -8 -8 -7 -8 -8 -8 -7 -8 -8 -7 -8 -8 -8 -7 -8 -8 -7 -8 -8 -8 -7 -8 -8 -7 -8 -8 -8 -7 -8 -8 -7 -8 -8 -8 -7 -8 -8 -7 -8 -8 -8 -7 -8 -8 -7 -8 -8 -8 -7 -8 -8
 [493] -7 -8 -8 -8 -7 -8 -8 -7 -8 -8 -8 -7 -8 -8 -7 -8 -8 -8 -7 -8 -8 -7 -8 -8 -8 -7 -8 -8 -7 -8 -8 -8 -7 -8 -8 -7 -8 -8 -8 -7 -8 -8 -7 -8 -8 -8 -7 -8 -8 -7 -8 -8 -8 -7 -8 -8 -7 -8 -8 -8 -7 -8 -8 -7 -8 -8 -8 -7 -8 -8 -7 -8 -8 -8 -7 -8 -8 -7 -8 -8 -8 -7
 [575] -8 -8 -7 -8 -8 -8 -7 -8 -8 -7 -8 -8 -8 -7 -8 -8 -7 -8 -8 -8 -7 -8 -8 -7 -8 -8 -8 -7 -8 -8 -7 -8 -8 -8 -7 -8 -8 -7 -8 -8 -8 -7 -8 -8 -7 -8 -8 -8 -7 -8 -8 -7 -8 -8 -8 -7 -8 -8 -7 -8 -8 -8 -7 -8 -8 -7 -8 -8 -8 -7 -8 -8 -7 -8 -8 -8 -7 -8 -8 -7 -8 -8
 [657] -8 -7 -8 -8 -7 -8 -8 -8 -7 -8 -8 -7 -8 -8 -8 -7 -8 -8 -7 -8 -8 -8 -7 -8 -8 -7 -8 -8 -8 -7 -8 -8 -7 -8 -8 -8 -7 -8 -8 -7 -8 -8 -8 -7 -8 -8 -7 -8 -8 -8 -7 -8 -8 -7 -8 -8 -8 -7 -8 -8 -7 -8 -8 -8 -7 -8 -8 -8 -7 -8 -8 -7 -8 -8 -8 -7 -8 -8 -7 -8 -8 -8
 [739] -7 -8 -8 -7 -8 -8 -8 -7 -8 -8 -7 -8 -8 -8 -7 -8 -8 -7 -8 -8 -8 -7 -8 -8 -7 -8 -8 -8 -7 -8 -8 -7 -8 -8 -8 -7 -8 -8 -7 -8 -8 -8 -7 -8 -8 -7 -8 -8 -8 -7 -8 -8 -7 -8 -8 -8 -7 -8 -8 -7 -8 -8 -8 -7 -8 -8 -7 -8 -8 -8 -7 -8 -8 -7 -8 -8 -8 -7 -8 -8 -7 -8
 [821] -8 -8 -7 -8 -8 -7 -8 -8 -8 -7 -8 -8 -7 -8 -8 -8 -7 -8 -8 -7 -8 -8 -8 -7 -8 -8 -7 -8 -8 -8 -7 -8 -8 -7 -8 -8 -8 -7 -8 -8 -7 -8 -8 -8 -7 -8 -8 -7 -8 -8 -8 -7 -8 -8 -7 -8 -8 -8 -7 -8 -8 -7 -8 -8 -8 -7 -8 -8 -7 -8 -8 -8 -7 -8 -8 -7 -8 -8 -8 -7 -8 -8
 [903] -7 -8 -8 -8 -7 -8 -8 -7 -8 -8 -8 -7 -8 -8 -7 -8 -8 -8 -7 -8 -8 -7 -8 -8 -8 -7 -8 -8 -7 -8 -8 -8 -7 -8 -8 -7 -8 -8 -8 -7 -8 -8 -7 -8 -8 -8 -7 -8 -8 -7 -8 -8 -8 -7 -8 -8 -7 -8 -8 -8 -7 -8 -8 -7 -8 -8 -8 -7 -8 -8 -7 -8 -8 -8 -7 -8 -8 -7 -8 -8 -8 -7
 [985] -8 -8 -7 -8 -8 -8 -7 -8 -8 -7 -8 -8 -8 -7 -8 -8 -7 -8 -8 -8 -7 -8 -8 -7 -8 -8 -8 -7 -8 -8 -7 -8 -8 -8 -7 -8 -8 -7 -8 -8 -8 -7 -8 -8 -7 -8 -8 -8 -7 -8 -8 -7 -8 -8 -8 -7 -8 -8 -7 -8 -8 -8 -7 -8 -8 -7 -8 -8 -8 -7 -8 -8 -7 -8 -8 -8 -7 -8 -8 -7 -8 -8
[1067] -8 -7 -8 -8 -7 -8 -8 -8 -7 -8 -8 -7 -8 -8 -8 -7 -8 -8 -7 -8 -8 -8 -7 -8 -8 -7 -8 -8 -8 -7 -8 -8 -7 -8 -8 -8 -7 -8 -8 -7 -8 -8 -8 -7 -8 -8 -7 -8 -8 -8 -7 -8 -8 -7 -8 -8 -8 -7 -8 -8 -7 -8 -8 -8 -7 -8 -8 -7 -8 -8 -8 -7 -8 -8 -7 -8 -8 -8 -7 -8 -8 -7
[1149] -8 -8 -8 -7 -8


- The Savitzky-Golay smoothed variables (wavebands) selected via iPLS are found in 'SG_Variables_Selected' which is contained in 'Sablefish_2017_2019_Rdm_models_22_Mar_2023_14_57_26.RData' along with the 20 complete 10-fold NN models.

- The rounding delta for 2017 and 2019 Sablefish is -0.2 .